# k              sigma          delta      dc    db   t_trans   itmax       nmax        dt    dx     
  0.00010000   0.00000000   2.99999991  1.000  0.333    349     150000       3500  0.010  0.500
  0.00760000   0.00001143   2.99999991  1.000  0.333    349     150000       3500  0.010  0.500
  0.01510000   0.00004460   2.99999991  1.000  0.333    349     150000       3500  0.010  0.500
  0.02260000   0.00009806   2.99999991  1.000  0.333    349     150000       3500  0.010  0.500
  0.03010000   0.00016950   2.99999991  1.000  0.333    349     150000       3500  0.010  0.500
  0.03760000   0.00025593   2.99999991  1.000  0.333    349     150000       3500  0.010  0.500
  0.04510000   0.00035383   2.99999991  1.000  0.333    349     150000       3500  0.010  0.500
  0.05260000   0.00045938   2.99999991  1.000  0.333    349     150000       3500  0.010  0.500
  0.06010000   0.00056862   2.99999991  1.000  0.333    349     150000       3500  0.010  0.500
  0.06760000   0.00067759   2.99999991  1.000  0.333    349     150000       3500  0.010  0.500
  0.07510000   0.00078244   2.99999991  1.000  0.333    349     150000       3500  0.010  0.500
  0.08260000   0.00087951   2.99999991  1.000  0.333    349     150000       3500  0.010  0.500
  0.09010000   0.00096538   2.99999991  1.000  0.333    349     150000       3500  0.010  0.500
  0.09760000   0.00103693   2.99999991  1.000  0.333    349     150000       3500  0.010  0.500
  0.10510000   0.00109129   2.99999991  1.000  0.333    349     150000       3500  0.010  0.500
  0.11260000   0.00112586   2.99999991  1.000  0.333    349     150000       3500  0.010  0.500
  0.12010000   0.00113834   2.99999991  1.000  0.333    349     150000       3500  0.010  0.500
  0.12760000   0.00112665   2.99999991  1.000  0.333    349     150000       3500  0.010  0.500
  0.13510000   0.00108891   2.99999991  1.000  0.333    349     150000       3500  0.010  0.500
  0.14260000   0.00102351   2.99999991  1.000  0.333    349     150000       3500  0.010  0.500
  0.15010000   0.00092895   2.99999991  1.000  0.333    349     150000       3500  0.010  0.500
  0.15760000   0.00080393   2.99999991  1.000  0.333    349     150000       3500  0.010  0.500
  0.16510000   0.00064730   2.99999991  1.000  0.333    349     150000       3500  0.010  0.500
  0.17260000   0.00045801   2.99999991  1.000  0.333    349     150000       3500  0.010  0.500
  0.18010000   0.00023513   2.99999991  1.000  0.333    349     150000       3500  0.010  0.500
  0.18760000  -0.00002213   2.99999991  1.000  0.333    349     150000       3500  0.010  0.500
  0.19510000  -0.00031453   2.99999991  1.000  0.333    349     150000       3500  0.010  0.500
  0.20260000  -0.00064272   2.99999991  1.000  0.333    349     150000       3500  0.010  0.500
  0.21010000  -0.00100728   2.99999991  1.000  0.333    349     150000       3500  0.010  0.500
  0.21760000  -0.00140875   2.99999991  1.000  0.333    349     150000       3500  0.010  0.500
  0.22509999  -0.00184761   2.99999991  1.000  0.333    349     150000       3500  0.010  0.500
  0.23259999  -0.00232427   2.99999991  1.000  0.333    349     150000       3500  0.010  0.500

  0.00100000  -0.00000636   6.99999969  1.000  0.143    349     150000       3500  0.010  0.500
  0.00600000   0.00001469   6.99999969  1.000  0.143    349     150000       3500  0.010  0.500
  0.01100000   0.00006486   6.99999969  1.000  0.143    349     150000       3500  0.010  0.500
  0.01600000   0.00014196   6.99999969  1.000  0.143    349     150000       3500  0.010  0.500
  0.02100000   0.00024286   6.99999969  1.000  0.143    349     150000       3500  0.010  0.500
  0.02600000   0.00036394   6.99999969  1.000  0.143    349     150000       3500  0.010  0.500
  0.03100000   0.00050150   6.99999969  1.000  0.143    349     150000       3500  0.010  0.500
  0.03600000   0.00065195   6.99999969  1.000  0.143    349     150000       3500  0.010  0.500
  0.04100000   0.00081207   6.99999969  1.000  0.143    349     150000       3500  0.010  0.500
  0.04600000   0.00097902   6.99999969  1.000  0.143    349     150000       3500  0.010  0.500
  0.05100000   0.00115040   6.99999969  1.000  0.143    349     150000       3500  0.010  0.500
  0.05600000   0.00132417   6.99999969  1.000  0.143    349     150000       3500  0.010  0.500
  0.06100000   0.00149868   6.99999969  1.000  0.143    349     150000       3500  0.010  0.500
  0.06600000   0.00167252   6.99999969  1.000  0.143    349     150000       3500  0.010  0.500
  0.07100000   0.00184455   6.99999969  1.000  0.143    349     150000       3500  0.010  0.500
  0.07600000   0.00201382   6.99999969  1.000  0.143    349     150000       3500  0.010  0.500
  0.08100000   0.00217953   6.99999969  1.000  0.143    349     150000       3500  0.010  0.500
  0.08600000   0.00234105   6.99999969  1.000  0.143    349     150000       3500  0.010  0.500
  0.09100000   0.00249779   6.99999969  1.000  0.143    349     150000       3500  0.010  0.500
  0.09600000   0.00264932   6.99999969  1.000  0.143    349     150000       3500  0.010  0.500
  0.10100000   0.00279523   6.99999969  1.000  0.143    349     150000       3500  0.010  0.500
  0.10600000   0.00293518   6.99999969  1.000  0.143    349     150000       3500  0.010  0.500
  0.11100000   0.00306891   6.99999969  1.000  0.143    349     150000       3500  0.010  0.500
  0.11600000   0.00319613   6.99999969  1.000  0.143    349     150000       3500  0.010  0.500
  0.12100000   0.00331666   6.99999969  1.000  0.143    349     150000       3500  0.010  0.500
  0.12100000   0.00331666   6.99999969  1.000  0.143    349     150000       3500  0.010  0.500
  0.12850000   0.00348448   6.99999969  1.000  0.143    349     150000       3500  0.010  0.500
  0.13600000   0.00363627   6.99999969  1.000  0.143    349     150000       3500  0.010  0.500
  0.14350000   0.00377159   6.99999969  1.000  0.143    349     150000       3500  0.010  0.500
  0.15100000   0.00389008   6.99999969  1.000  0.143    349     150000       3500  0.010  0.500
  0.15850000   0.00399142   6.99999969  1.000  0.143    349     150000       3500  0.010  0.500
  0.16600000   0.00407534   6.99999969  1.000  0.143    349     150000       3500  0.010  0.500
  0.17350000   0.00414163   6.99999969  1.000  0.143    349     150000       3500  0.010  0.500
  0.18100000   0.00419011   6.99999969  1.000  0.143    349     150000       3500  0.010  0.500
  0.18850000   0.00422058   6.99999969  1.000  0.143    349     150000       3500  0.010  0.500
  0.19600000   0.00423292   6.99999969  1.000  0.143    349     150000       3500  0.010  0.500
  0.20350000   0.00422700   6.99999969  1.000  0.143    349     150000       3500  0.010  0.500
  0.21100000   0.00420271   6.99999969  1.000  0.143    349     150000       3500  0.010  0.500
  0.21850000   0.00415995   6.99999969  1.000  0.143    349     150000       3500  0.010  0.500
  0.22600000   0.00409865   6.99999969  1.000  0.143    349     150000       3500  0.010  0.500
  0.23350000   0.00401870   6.99999969  1.000  0.143    349     150000       3500  0.010  0.500
  0.24100000   0.00392007   6.99999969  1.000  0.143    349     150000       3500  0.010  0.500
  0.24850000   0.00380267   6.99999969  1.000  0.143    349     150000       3500  0.010  0.500
  0.25600000   0.00366647   6.99999969  1.000  0.143    349     150000       3500  0.010  0.500
  0.26350000   0.00351141   6.99999969  1.000  0.143    349     150000       3500  0.010  0.500
  0.27100000   0.00333744   6.99999969  1.000  0.143    349     150000       3500  0.010  0.500
  0.27850000   0.00314454   6.99999969  1.000  0.143    349     150000       3500  0.010  0.500
  0.28600000   0.00293267   6.99999969  1.000  0.143    349     150000       3500  0.010  0.500
  0.29350000   0.00270180   6.99999969  1.000  0.143    349     150000       3500  0.010  0.500
  0.30100000   0.00245189   6.99999969  1.000  0.143    349     150000       3500  0.010  0.500
  0.30850000   0.00218294   6.99999969  1.000  0.143    349     150000       3500  0.010  0.500
  0.31599999   0.00189492   6.99999969  1.000  0.143    349     150000       3500  0.010  0.500
  0.32349999   0.00158781   6.99999969  1.000  0.143    349     150000       3500  0.010  0.500
  0.33099999   0.00126159   6.99999969  1.000  0.143    349     150000       3500  0.010  0.500
  0.33849999   0.00091626   6.99999969  1.000  0.143    349     150000       3500  0.010  0.500
  0.34599999   0.00055180   6.99999969  1.000  0.143    349     150000       3500  0.010  0.500
  0.35349999   0.00016820   6.99999969  1.000  0.143    349     150000       3500  0.010  0.500
  0.36099999  -0.00023453   6.99999969  1.000  0.143    349     150000       3500  0.010  0.500
  0.36849999  -0.00065643   6.99999969  1.000  0.143    349     150000       3500  0.010  0.500
  0.37599999  -0.00109746   6.99999969  1.000  0.143    349     150000       3500  0.010  0.500
  0.38349999  -0.00155765   6.99999969  1.000  0.143    349     150000       3500  0.010  0.500
  0.39099999  -0.00203700   6.99999969  1.000  0.143    349     150000       3500  0.010  0.500

  0.00010000  -0.00000002   2.00000000  1.000  0.500    349     150000       3500  0.010  0.500
  0.00160000  -0.00000034   2.00000000  1.000  0.500    349     150000       3500  0.010  0.500
  0.00310000  -0.00000123   2.00000000  1.000  0.500    349     150000       3500  0.010  0.500
  0.00460000  -0.00000267   2.00000000  1.000  0.500    349     150000       3500  0.010  0.500
  0.00610000  -0.00000469   2.00000000  1.000  0.500    349     150000       3500  0.010  0.500
  0.00760000  -0.00000727   2.00000000  1.000  0.500    349     150000       3500  0.010  0.500
  0.00910000  -0.00001042   2.00000000  1.000  0.500    349     150000       3500  0.010  0.500
  0.01060000  -0.00001414   2.00000000  1.000  0.500    349     150000       3500  0.010  0.500
  0.01210000  -0.00001843   2.00000000  1.000  0.500    349     150000       3500  0.010  0.500
  0.01360000  -0.00002331   2.00000000  1.000  0.500    349     150000       3500  0.010  0.500
  0.01510000  -0.00002877   2.00000000  1.000  0.500    349     150000       3500  0.010  0.500
  0.01660000  -0.00003481   2.00000000  1.000  0.500    349     150000       3500  0.010  0.500
  0.01810000  -0.00004144   2.00000000  1.000  0.500    349     150000       3500  0.010  0.500
  0.01960000  -0.00004868   2.00000000  1.000  0.500    349     150000       3500  0.010  0.500
  0.02110000  -0.00005651   2.00000000  1.000  0.500    349     150000       3500  0.010  0.500
  0.02260000  -0.00006495   2.00000000  1.000  0.500    349     150000       3500  0.010  0.500
  0.02410000  -0.00007401   2.00000000  1.000  0.500    349     150000       3500  0.010  0.500
  0.02560000  -0.00008369   2.00000000  1.000  0.500    349     150000       3500  0.010  0.500
  0.02710000  -0.00009400   2.00000000  1.000  0.500    349     150000       3500  0.010  0.500
  0.02860000  -0.00010494   2.00000000  1.000  0.500    349     150000       3500  0.010  0.500
  0.03010000  -0.00011653   2.00000000  1.000  0.500    349     150000       3500  0.010  0.500
  0.03160000  -0.00012877   2.00000000  1.000  0.500    349     150000       3500  0.010  0.500
  0.03310000  -0.00014168   2.00000000  1.000  0.500    349     150000       3500  0.010  0.500
  0.03460000  -0.00015525   2.00000000  1.000  0.500    349     150000       3500  0.010  0.500
  0.03460000  -0.00015523   2.00000000  1.000  0.500    149     120000       3500  0.010  0.500
  0.03710000  -0.00017937   2.00000000  1.000  0.500    149     120000       3500  0.010  0.500
  0.03960000  -0.00020545   2.00000000  1.000  0.500    149     120000       3500  0.010  0.500
  0.04210000  -0.00023351   2.00000000  1.000  0.500    149     120000       3500  0.010  0.500
  0.04460000  -0.00026361   2.00000000  1.000  0.500    149     120000       3500  0.010  0.500
  0.04710000  -0.00029579   2.00000000  1.000  0.500    149     120000       3500  0.010  0.500
  0.04960000  -0.00033012   2.00000000  1.000  0.500    149     120000       3500  0.010  0.500
  0.05210000  -0.00036664   2.00000000  1.000  0.500    149     120000       3500  0.010  0.500
  0.05460000  -0.00040542   2.00000000  1.000  0.500    149     120000       3500  0.010  0.500
  0.05710000  -0.00044651   2.00000000  1.000  0.500    149     120000       3500  0.010  0.500
  0.05960000  -0.00048998   2.00000000  1.000  0.500    149     120000       3500  0.010  0.500
  0.06210000  -0.00053589   2.00000000  1.000  0.500    149     120000       3500  0.010  0.500
  0.06460000  -0.00058431   2.00000000  1.000  0.500    149     120000       3500  0.010  0.500
  0.06710000  -0.00063529   2.00000000  1.000  0.500    149     120000       3500  0.010  0.500
  0.06960000  -0.00068891   2.00000000  1.000  0.500    149     120000       3500  0.010  0.500
  0.06960000  -0.00068891   2.00000000  1.000  0.500    149     120000       3500  0.010  0.500
  0.07210000  -0.00074522   2.00000000  1.000  0.500    149     120000       3500  0.010  0.500
  0.07460000  -0.00080430   2.00000000  1.000  0.500    149     120000       3500  0.010  0.500
  0.07710000  -0.00086621   2.00000000  1.000  0.500    149     120000       3500  0.010  0.500
  0.07960000  -0.00093103   2.00000000  1.000  0.500    149     120000       3500  0.010  0.500
  0.08210000  -0.00099881   2.00000000  1.000  0.500    149     120000       3500  0.010  0.500
  0.08460000  -0.00106963   2.00000000  1.000  0.500    149     120000       3500  0.010  0.500
  0.08710000  -0.00114356   2.00000000  1.000  0.500    149     120000       3500  0.010  0.500
  0.08960000  -0.00122066   2.00000000  1.000  0.500    149     120000       3500  0.010  0.500
  0.09210000  -0.00130100   2.00000000  1.000  0.500    149     120000       3500  0.010  0.500
  0.09460000  -0.00138466   2.00000000  1.000  0.500    149     120000       3500  0.010  0.500
  0.09710000  -0.00147168   2.00000000  1.000  0.500    149     120000       3500  0.010  0.500
  0.09960000  -0.00156216   2.00000000  1.000  0.500    149     120000       3500  0.010  0.500
  0.10210000  -0.00165614   2.00000000  1.000  0.500    149     120000       3500  0.010  0.500
  0.10460000  -0.00175370   2.00000000  1.000  0.500    149     120000       3500  0.010  0.500
  0.10710000  -0.00185490   2.00000000  1.000  0.500    149     120000       3500  0.010  0.500
  0.10960000  -0.00195980   2.00000000  1.000  0.500    149     120000       3500  0.010  0.500
  0.11210000  -0.00206848   2.00000000  1.000  0.500    149     120000       3500  0.010  0.500
  0.11460000  -0.00218099   2.00000000  1.000  0.500    149     120000       3500  0.010  0.500

  0.00010000  -0.00000003   2.29999992  1.000  0.435    149     120000       3500  0.010  0.500
  0.00510000  -0.00000007   2.29999992  1.000  0.435    149     120000       3500  0.010  0.500
  0.01010000  -0.00000025   2.29999992  1.000  0.435    149     120000       3500  0.010  0.500
  0.01510000  -0.00000070   2.29999992  1.000  0.435    149     120000       3500  0.010  0.500
  0.02010000  -0.00000165   2.29999992  1.000  0.435    149     120000       3500  0.010  0.500
  0.02510000  -0.00000341   2.29999992  1.000  0.435    149     120000       3500  0.010  0.500
  0.03010000  -0.00000635   2.29999992  1.000  0.435    149     120000       3500  0.010  0.500
  0.03510000  -0.00001095   2.29999992  1.000  0.435    149     120000       3500  0.010  0.500
  0.04010000  -0.00001771   2.29999992  1.000  0.435    149     120000       3500  0.010  0.500
  0.04510000  -0.00002722   2.29999992  1.000  0.435    149     120000       3500  0.010  0.500
  0.05010000  -0.00004011   2.29999992  1.000  0.435    149     120000       3500  0.010  0.500
  0.05510000  -0.00005702   2.29999992  1.000  0.435    149     120000       3500  0.010  0.500
  0.06010000  -0.00007865   2.29999992  1.000  0.435    149     120000       3500  0.010  0.500
  0.06510000  -0.00010573   2.29999992  1.000  0.435    149     120000       3500  0.010  0.500
  0.07010000  -0.00013896   2.29999992  1.000  0.435    149     120000       3500  0.010  0.500
  0.07510000  -0.00017909   2.29999992  1.000  0.435    149     120000       3500  0.010  0.500
  0.08010000  -0.00022685   2.29999992  1.000  0.435    149     120000       3500  0.010  0.500
  0.08510000  -0.00028296   2.29999992  1.000  0.435    149     120000       3500  0.010  0.500
  0.09010000  -0.00034815   2.29999992  1.000  0.435    149     120000       3500  0.010  0.500
  0.09510000  -0.00042312   2.29999992  1.000  0.435    149     120000       3500  0.010  0.500
  0.10010000  -0.00050856   2.29999992  1.000  0.435    149     120000       3500  0.010  0.500
  0.10510000  -0.00060512   2.29999992  1.000  0.435    149     120000       3500  0.010  0.500
  0.11010000  -0.00071347   2.29999992  1.000  0.435    149     120000       3500  0.010  0.500
  0.11510000  -0.00083422   2.29999992  1.000  0.435    149     120000       3500  0.010  0.500
  0.12010000  -0.00096796   2.29999992  1.000  0.435    149     120000       3500  0.010  0.500
  0.12510000  -0.00111526   2.29999992  1.000  0.435    149     120000       3500  0.010  0.500
  0.13010000  -0.00127668   2.29999992  1.000  0.435    149     120000       3500  0.010  0.500
  0.13510000  -0.00145273   2.29999992  1.000  0.435    149     120000       3500  0.010  0.500
  0.14010000  -0.00164390   2.29999992  1.000  0.435    149     120000       3500  0.010  0.500
  0.14510000  -0.00185067   2.29999992  1.000  0.435    149     120000       3500  0.010  0.500
  0.15010000  -0.00207348   2.29999992  1.000  0.435    149     120000       3500  0.010  0.500

  0.00010000  -0.00000003   2.40000006  1.000  0.417    149     120000       3500  0.010  0.500
  0.01010000   0.00000331   2.40000006  1.000  0.417    149     120000       3500  0.010  0.500
  0.02010000   0.00001234   2.40000006  1.000  0.417    149     120000       3500  0.010  0.500
  0.03010000   0.00002466   2.40000006  1.000  0.417    149     120000       3500  0.010  0.500
  0.04010000   0.00003645   2.40000006  1.000  0.417    149     120000       3500  0.010  0.500
  0.05010000   0.00004282   2.40000006  1.000  0.417    149     120000       3500  0.010  0.500
  0.06010000   0.00003804   2.40000006  1.000  0.417    149     120000       3500  0.010  0.500
  0.07010000   0.00001595   2.40000006  1.000  0.417    149     120000       3500  0.010  0.500
  0.08010000  -0.00002981   2.40000006  1.000  0.417    149     120000       3500  0.010  0.500
  0.09010000  -0.00010554   2.40000006  1.000  0.417    149     120000       3500  0.010  0.500
  0.10010000  -0.00021729   2.40000006  1.000  0.417    149     120000       3500  0.010  0.500
  0.11010000  -0.00037078   2.40000006  1.000  0.417    149     120000       3500  0.010  0.500
  0.12010000  -0.00057126   2.40000006  1.000  0.417    149     120000       3500  0.010  0.500
  0.13010000  -0.00082356   2.40000006  1.000  0.417    149     120000       3500  0.010  0.500
  0.14010000  -0.00113204   2.40000006  1.000  0.417    149     120000       3500  0.010  0.500
  0.15010000  -0.00150059   2.40000006  1.000  0.417    149     120000       3500  0.010  0.500
  0.16010000  -0.00193268   2.40000006  1.000  0.417    149     120000       3500  0.010  0.500
  0.17010000  -0.00243143   2.40000006  1.000  0.417    149     120000       3500  0.010  0.500

  0.01010000  -0.00029108  19.99999970  1.000  0.050    149     120000       3000  0.010  0.500
  0.02010000  -0.00015921  19.99999970  1.000  0.050    149     120000       3000  0.010  0.500
  0.03010000   0.00002865  19.99999970  1.000  0.050    149     120000       3000  0.010  0.500
  0.04010000   0.00024493  19.99999970  1.000  0.050    149     120000       3000  0.010  0.500
  0.05010000   0.00047010  19.99999970  1.000  0.050    149     120000       3000  0.010  0.500
  0.06010000   0.00069292  19.99999970  1.000  0.050    149     120000       3000  0.010  0.500
  0.07010000   0.00090779  19.99999970  1.000  0.050    149     120000       3000  0.010  0.500
  0.08010000   0.00111217  19.99999970  1.000  0.050    149     120000       3000  0.010  0.500
  0.09010000   0.00130497  19.99999970  1.000  0.050    149     120000       3000  0.010  0.500
  0.10010000   0.00148578  19.99999970  1.000  0.050    149     120000       3000  0.010  0.500
  0.11010000   0.00165447  19.99999970  1.000  0.050    149     120000       3000  0.010  0.500
  0.12010000   0.00181102  19.99999970  1.000  0.050    149     120000       3000  0.010  0.500
  0.13010000   0.00195544  19.99999970  1.000  0.050    149     120000       3000  0.010  0.500
  0.14010000   0.00208775  19.99999970  1.000  0.050    149     120000       3000  0.010  0.500
  0.15010000   0.00220797  19.99999970  1.000  0.050    149     120000       3000  0.010  0.500
  0.16010000   0.00231610  19.99999970  1.000  0.050    149     120000       3000  0.010  0.500
  0.17010000   0.00241215  19.99999970  1.000  0.050    149     120000       3000  0.010  0.500
  0.18010000   0.00249608  19.99999970  1.000  0.050    149     120000       3000  0.010  0.500
  0.19010000   0.00256790  19.99999970  1.000  0.050    149     120000       3000  0.010  0.500
  0.20010000   0.00262757  19.99999970  1.000  0.050    149     120000       3000  0.010  0.500
  0.21010000   0.00267509  19.99999970  1.000  0.050    149     120000       3000  0.010  0.500
  0.22010000   0.00271045  19.99999970  1.000  0.050    149     120000       3000  0.010  0.500
  0.23009999   0.00273362  19.99999970  1.000  0.050    149     120000       3000  0.010  0.500
  0.24009999   0.00274457  19.99999970  1.000  0.050    149     120000       3000  0.010  0.500
  0.25009999   0.00274329  19.99999970  1.000  0.050    149     120000       3000  0.010  0.500
  0.26009999   0.00272976  19.99999970  1.000  0.050    149     120000       3000  0.010  0.500
  0.27009999   0.00270396  19.99999970  1.000  0.050    149     120000       3000  0.010  0.500
  0.28009999   0.00266589  19.99999970  1.000  0.050    149     120000       3000  0.010  0.500
  0.29009999   0.00261553  19.99999970  1.000  0.050    149     120000       3000  0.010  0.500
  0.30009999   0.00255286  19.99999970  1.000  0.050    149     120000       3000  0.010  0.500
  0.31009999   0.00247787  19.99999970  1.000  0.050    149     120000       3000  0.010  0.500
  0.32009999   0.00239057  19.99999970  1.000  0.050    149     120000       3000  0.010  0.500
  0.33009999   0.00229093  19.99999970  1.000  0.050    149     120000       3000  0.010  0.500
  0.34009999   0.00217896  19.99999970  1.000  0.050    149     120000       3000  0.010  0.500
  0.35009999   0.00205464  19.99999970  1.000  0.050    149     120000       3000  0.010  0.500
  0.36009999   0.00191798  19.99999970  1.000  0.050    149     120000       3000  0.010  0.500
  0.37009999   0.00176898  19.99999970  1.000  0.050    149     120000       3000  0.010  0.500
  0.38009999   0.00160763  19.99999970  1.000  0.050    149     120000       3000  0.010  0.500
  0.39009999   0.00143393  19.99999970  1.000  0.050    149     120000       3000  0.010  0.500
  0.40009999   0.00124789  19.99999970  1.000  0.050    149     120000       3000  0.010  0.500
  0.41009999   0.00104950  19.99999970  1.000  0.050    149     120000       3000  0.010  0.500
  0.42009999   0.00083878  19.99999970  1.000  0.050    149     120000       3000  0.010  0.500
  0.43009999   0.00061573  19.99999970  1.000  0.050    149     120000       3000  0.010  0.500
  0.44009999   0.00038035  19.99999970  1.000  0.050    149     120000       3000  0.010  0.500
  0.45009999   0.00013265  19.99999970  1.000  0.050    149     120000       3000  0.010  0.500
  0.46009999  -0.00012736  19.99999970  1.000  0.050    149     120000       3000  0.010  0.500
  0.47009999  -0.00039968  19.99999970  1.000  0.050    149     120000       3000  0.010  0.500
  0.48009999  -0.00068428  19.99999970  1.000  0.050    149     120000       3000  0.010  0.500
  0.49009999  -0.00098115  19.99999970  1.000  0.050    149     120000       3000  0.010  0.500
  0.50009999  -0.00129030  19.99999970  1.000  0.050    149     120000       3000  0.010  0.500
  0.51009999  -0.00161168  19.99999970  1.000  0.050    149     120000       3000  0.010  0.500
  0.52009999  -0.00194531  19.99999970  1.000  0.050    149     120000       3000  0.010  0.500
  0.53009999  -0.00229116  19.99999970  1.000  0.050    149     120000       3000  0.010  0.500
  0.54009999  -0.00264922  19.99999970  1.000  0.050    149     120000       3000  0.010  0.500
  0.55009999  -0.00301948  19.99999970  1.000  0.050    149     120000       3000  0.010  0.500
  0.56009999  -0.00340192  19.99999970  1.000  0.050    149     120000       3000  0.010  0.500
  0.57009999  -0.00379652  19.99999970  1.000  0.050    149     120000       3000  0.010  0.500
  0.58009999  -0.00420328  19.99999970  1.000  0.050    149     120000       3000  0.010  0.500
  0.59009999  -0.00462216  19.99999970  1.000  0.050    149     120000       3000  0.010  0.500

  0.00010000  -0.00016820   2.29999992  1.000  0.435      0      50000       2800  0.010  0.500
  0.01010000  -0.00016891   2.29999992  1.000  0.435      0      50000       2800  0.010  0.500
  0.02010000  -0.00017173   2.29999992  1.000  0.435      0      50000       2800  0.010  0.500
  0.03010000  -0.00017868   2.29999992  1.000  0.435      0      50000       2800  0.010  0.500
  0.04010000  -0.00019297   2.29999992  1.000  0.435      0      50000       2800  0.010  0.500
  0.05010000  -0.00021880   2.29999992  1.000  0.435      0      50000       2800  0.010  0.500
  0.06010000  -0.00026110   2.29999992  1.000  0.435      0      50000       2800  0.010  0.500
  0.07010000  -0.00032529   2.29999992  1.000  0.435      0      50000       2800  0.010  0.500
  0.08010000  -0.00041705   2.29999992  1.000  0.435      0      50000       2800  0.010  0.500
  0.09010000  -0.00054206   2.29999992  1.000  0.435      0      50000       2800  0.010  0.500
  0.10010000  -0.00070588   2.29999992  1.000  0.435      0      50000       2800  0.010  0.500
  0.11010000  -0.00091388   2.29999992  1.000  0.435      0      50000       2800  0.010  0.500
  0.12010000  -0.00117104   2.29999992  1.000  0.435      0      50000       2800  0.010  0.500
  0.13010000  -0.00148202   2.29999992  1.000  0.435      0      50000       2800  0.010  0.500
  0.14010000  -0.00185108   2.29999992  1.000  0.435      0      50000       2800  0.010  0.500
  0.15010000  -0.00228206   2.29999992  1.000  0.435      0      50000       2800  0.010  0.500
  0.16010000  -0.00277850   2.29999992  1.000  0.435      0      50000       2800  0.010  0.500
  0.17010000  -0.00334347   2.29999992  1.000  0.435      0      50000       2800  0.010  0.500
  0.18010000  -0.00397984   2.29999992  1.000  0.435      0      50000       2800  0.010  0.500
  0.19010000  -0.00469009   2.29999992  1.000  0.435      0      50000       2800  0.010  0.500
  0.20010000  -0.00547648   2.29999992  1.000  0.435      0      50000       2800  0.010  0.500
  0.21010000  -0.00634091   2.29999992  1.000  0.435      0      50000       2800  0.010  0.500
  0.22010000  -0.00728519   2.29999992  1.000  0.435      0      50000       2800  0.010  0.500
  0.23009999  -0.00831088   2.29999992  1.000  0.435      0      50000       2800  0.010  0.500
  0.24009999  -0.00941937   2.29999992  1.000  0.435      0      50000       2800  0.010  0.500
  0.25009999  -0.01061195   2.29999992  1.000  0.435      0      50000       2800  0.010  0.500
  0.26009999  -0.01188969   2.29999992  1.000  0.435      0      50000       2800  0.010  0.500
  0.27009999  -0.01325363   2.29999992  1.000  0.435      0      50000       2800  0.010  0.500
  0.28009999  -0.01470463   2.29999992  1.000  0.435      0      50000       2800  0.010  0.500
  0.29009999  -0.01624355   2.29999992  1.000  0.435      0      50000       2800  0.010  0.500
  0.30009999  -0.01787103   2.29999992  1.000  0.435      0      50000       2800  0.010  0.500
  0.31009999  -0.01958771   2.29999992  1.000  0.435      0      50000       2800  0.010  0.500
  0.32009999  -0.02139417   2.29999992  1.000  0.435      0      50000       2800  0.010  0.500
  0.33009999  -0.02329090   2.29999992  1.000  0.435      0      50000       2800  0.010  0.500
  0.34009999  -0.02527841   2.29999992  1.000  0.435      0      50000       2800  0.010  0.500
  0.35009999  -0.02735706   2.29999992  1.000  0.435      0      50000       2800  0.010  0.500
  0.36009999  -0.02952728   2.29999992  1.000  0.435      0      50000       2800  0.010  0.500
  0.37009999  -0.03178939   2.29999992  1.000  0.435      0      50000       2800  0.010  0.500

  0.00010000  -0.00009359   4.00000000  1.000  0.250     49      50000       2800  0.010  0.500
  0.01010000  -0.00005772   4.00000000  1.000  0.250     49      50000       2800  0.010  0.500
  0.02010000   0.00004572   4.00000000  1.000  0.250     49      50000       2800  0.010  0.500
  0.03010000   0.00020906   4.00000000  1.000  0.250     49      50000       2800  0.010  0.500
  0.04010000   0.00042102   4.00000000  1.000  0.250     49      50000       2800  0.010  0.500
  0.05010000   0.00066846   4.00000000  1.000  0.250     49      50000       2800  0.010  0.500
  0.06010000   0.00093782   4.00000000  1.000  0.250     49      50000       2800  0.010  0.500
  0.07010000   0.00121619   4.00000000  1.000  0.250     49      50000       2800  0.010  0.500
  0.08010000   0.00149213   4.00000000  1.000  0.250     49      50000       2800  0.010  0.500
  0.09010000   0.00175654   4.00000000  1.000  0.250     49      50000       2800  0.010  0.500
  0.10010000   0.00200130   4.00000000  1.000  0.250     49      50000       2800  0.010  0.500
  0.11010000   0.00221972   4.00000000  1.000  0.250     49      50000       2800  0.010  0.500
  0.12010000   0.00240625   4.00000000  1.000  0.250     49      50000       2800  0.010  0.500
  0.13010000   0.00255636   4.00000000  1.000  0.250     49      50000       2800  0.010  0.500
  0.14010000   0.00266609   4.00000000  1.000  0.250     49      50000       2800  0.010  0.500
  0.15010000   0.00273329   4.00000000  1.000  0.250     49      50000       2800  0.010  0.500
  0.16010000   0.00275570   4.00000000  1.000  0.250     49      50000       2800  0.010  0.500
  0.17010000   0.00273130   4.00000000  1.000  0.250     49      50000       2800  0.010  0.500
  0.18010000   0.00265840   4.00000000  1.000  0.250     49      50000       2800  0.010  0.500
  0.19010000   0.00253554   4.00000000  1.000  0.250     49      50000       2800  0.010  0.500
  0.20010000   0.00236128   4.00000000  1.000  0.250     49      50000       2800  0.010  0.500
  0.21010000   0.00213497   4.00000000  1.000  0.250     49      50000       2800  0.010  0.500
  0.22010000   0.00185627   4.00000000  1.000  0.250     49      50000       2800  0.010  0.500
  0.23009999   0.00152444   4.00000000  1.000  0.250     49      50000       2800  0.010  0.500
  0.24009999   0.00113882   4.00000000  1.000  0.250     49      50000       2800  0.010  0.500
  0.25009999   0.00069884   4.00000000  1.000  0.250     49      50000       2800  0.010  0.500
  0.26009999   0.00020399   4.00000000  1.000  0.250     49      50000       2800  0.010  0.500
  0.27009999  -0.00034633   4.00000000  1.000  0.250     49      50000       2800  0.010  0.500
  0.28009999  -0.00095243   4.00000000  1.000  0.250     49      50000       2800  0.010  0.500
  0.29009999  -0.00161401   4.00000000  1.000  0.250     49      50000       2800  0.010  0.500
  0.30009999  -0.00233138   4.00000000  1.000  0.250     49      50000       2800  0.010  0.500
  0.31009999  -0.00310480   4.00000000  1.000  0.250     49      50000       2800  0.010  0.500
  0.32009999  -0.00393448   4.00000000  1.000  0.250     49      50000       2800  0.010  0.500
  0.33009999  -0.00482067   4.00000000  1.000  0.250     49      50000       2800  0.010  0.500
  0.34009999  -0.00576355   4.00000000  1.000  0.250     49      50000       2800  0.010  0.500
  0.35009999  -0.00676335   4.00000000  1.000  0.250     49      50000       2800  0.010  0.500
  0.36009999  -0.00782040   4.00000000  1.000  0.250     49      50000       2800  0.010  0.500
  0.37009999  -0.00893427   4.00000000  1.000  0.250     49      50000       2800  0.010  0.500
  0.38009999  -0.01010497   4.00000000  1.000  0.250     49      50000       2800  0.010  0.500
  0.39009999  -0.01133260   4.00000000  1.000  0.250     49      50000       2800  0.010  0.500
  0.40009999  -0.01261723   4.00000000  1.000  0.250     49      50000       2800  0.010  0.500
  0.41009999  -0.01395895   4.00000000  1.000  0.250     49      50000       2800  0.010  0.500
  0.42009999  -0.01535782   4.00000000  1.000  0.250     49      50000       2800  0.010  0.500
  0.43009999  -0.01681390   4.00000000  1.000  0.250     49      50000       2800  0.010  0.500
  0.44009999  -0.01832725   4.00000000  1.000  0.250     49      50000       2800  0.010  0.500

  0.00010000  -0.00000500   4.99999993  1.000  0.200    199     120000       2800  0.010  0.500
  0.01010000   0.00004354   4.99999993  1.000  0.200    199     120000       2800  0.010  0.500
  0.02010000   0.00018196   4.99999993  1.000  0.200    199     120000       2800  0.010  0.500
  0.03010000   0.00039626   4.99999993  1.000  0.200    199     120000       2800  0.010  0.500
  0.04010000   0.00066779   4.99999993  1.000  0.200    199     120000       2800  0.010  0.500
  0.05010000   0.00097723   4.99999993  1.000  0.200    199     120000       2800  0.010  0.500
  0.06010000   0.00130723   4.99999993  1.000  0.200    199     120000       2800  0.010  0.500
  0.07010000   0.00164337   4.99999993  1.000  0.200    199     120000       2800  0.010  0.500
  0.08010000   0.00197427   4.99999993  1.000  0.200    199     120000       2800  0.010  0.500
  0.09010000   0.00229111   4.99999993  1.000  0.200    199     120000       2800  0.010  0.500
  0.10010000   0.00258713   4.99999993  1.000  0.200    199     120000       2800  0.010  0.500
  0.11010000   0.00285717   4.99999993  1.000  0.200    199     120000       2800  0.010  0.500
  0.12010000   0.00309724   4.99999993  1.000  0.200    199     120000       2800  0.010  0.500
  0.13010000   0.00330421   4.99999993  1.000  0.200    199     120000       2800  0.010  0.500
  0.14010000   0.00347567   4.99999993  1.000  0.200    199     120000       2800  0.010  0.500
  0.15010000   0.00360968   4.99999993  1.000  0.200    199     120000       2800  0.010  0.500
  0.16010000   0.00370469   4.99999993  1.000  0.200    199     120000       2800  0.010  0.500
  0.17010000   0.00375945   4.99999993  1.000  0.200    199     120000       2800  0.010  0.500
  0.18010000   0.00377293   4.99999993  1.000  0.200    199     120000       2800  0.010  0.500
  0.19010000   0.00374428   4.99999993  1.000  0.200    199     120000       2800  0.010  0.500
  0.20010000   0.00367281   4.99999993  1.000  0.200    199     120000       2800  0.010  0.500
  0.21010000   0.00355792   4.99999993  1.000  0.200    199     120000       2800  0.010  0.500
  0.22010000   0.00339911   4.99999993  1.000  0.200    199     120000       2800  0.010  0.500
  0.23009999   0.00319597   4.99999993  1.000  0.200    199     120000       2800  0.010  0.500
  0.24009999   0.00294814   4.99999993  1.000  0.200    199     120000       2800  0.010  0.500
  0.25009999   0.00265533   4.99999993  1.000  0.200    199     120000       2800  0.010  0.500
  0.26009999   0.00231727   4.99999993  1.000  0.200    199     120000       2800  0.010  0.500
  0.27009999   0.00193372   4.99999993  1.000  0.200    199     120000       2800  0.010  0.500
  0.28009999   0.00150449   4.99999993  1.000  0.200    199     120000       2800  0.010  0.500
  0.29009999   0.00102943   4.99999993  1.000  0.200    199     120000       2800  0.010  0.500
  0.30009999   0.00050839   4.99999993  1.000  0.200    199     120000       2800  0.010  0.500
  0.31009999  -0.00005875   4.99999993  1.000  0.200    199     120000       2800  0.010  0.500
  0.32009999  -0.00067210   4.99999993  1.000  0.200    199     120000       2800  0.010  0.500
  0.33009999  -0.00133175   4.99999993  1.000  0.200    199     120000       2800  0.010  0.500
  0.34009999  -0.00203778   4.99999993  1.000  0.200    199     120000       2800  0.010  0.500
  0.35009999  -0.00279025   4.99999993  1.000  0.200    199     120000       2800  0.010  0.500
  0.36009999  -0.00358921   4.99999993  1.000  0.200    199     120000       2800  0.010  0.500
  0.37009999  -0.00443470   4.99999993  1.000  0.200    199     120000       2800  0.010  0.500
  0.38009999  -0.00532675   4.99999993  1.000  0.200    199     120000       2800  0.010  0.500
  0.39009999  -0.00626539   4.99999993  1.000  0.200    199     120000       2800  0.010  0.500
  0.40009999  -0.00725065   4.99999993  1.000  0.200    199     120000       2800  0.010  0.500
