0.2700000000000001
0.5913000000000002
0.7249929299999999
0.5981345443500454
0.7211088336156269
0.603332651091411
0.7179670896552621
0.6074710434816448
0.7153499244388992
0.6108732301324811
0.7131213805199696
0.613737831495787
0.7111911170599079
0.6161949362249648
0.7094962103870291
0.6183340135004208
0.7079911837466467
0.6202190024510059
0.7066421743490551
0.6218970353408841
0.7054233383253097
0.623403756213856
0.7043145388569335
0.6247667076350358
0.7032998059977404
0.6260075666438433
0.7023662794454921
0.627143666830167
0.7015034639549386
0.6281890620424823
0.7007026931180059
0.6291552869255387
0.6999567355775453
0.6300519116915149
0.6992595007961473
0.6308869540274106
0.6986058157962795
0.6316671897956829
0.6979912533939229
0.6323983907385103
0.6974119983895583
0.6330855086755232
0.6968647421417318
0.6337328199044083
0.6963465986412453
0.6343440396060412
0.6958550370669913
0.6349224133664625
0.6953878271141083
0.6354707910468821
0.6949429943193961
0.6359916868973637
0.6945187832844282
0.636487328848637
0.6941136271912921
0.6369596992159202
0.693726122372054
0.6374105685320638
0.6933550069670851
0.6378415238422754
0.6929991429145183
0.638253992502784
0.6926575006711204
0.6386492623054718
0.6923291461864455
0.6390284985815786
0.692013229746456
0.6393927588070042
0.6917089763765171
0.639743005130004
0.691415677551707
0.6400801151622628
0.6911326840083816
0.6404048913112564
0.6908593994876228
0.6407180688816722
0.6905952752706389
0.6410203231335282
0.6903398053899459
0.6413122754523527
0.6900925224194352
0.6415944987606496
0.6898529937621612
0.6418675222786343
0.6896208183675636
0.6421318357248463
0.6893956238204559
0.642387893032981
0.689177063752885
0.6426361156495106
0.6889648155372583
0.6428768954669097
0.6887585782252132
0.6431105974391881
0.688558070701796
0.6433375619196495
0.688363030028792
0.6435581067551174
0.688173209954659
0.6437725291660795
0.6879883795715664
0.6439811074381699
0.6878083221026344
0.6441841024469794
0.6876328338046768
0.6443817590352797
0.6874617229736353
0.644574307259268
0.6872948090415083
0.6447619635183149
0.6871319217549662
0.6449449315808797
0.6869729004270423
0.645123403517698
0.6868175932543181
0.6452975605519925
0.6866658566929201
0.6454675738352946
0.6865175548874193
0.6456336051564556
0.6863725591474007
0.6457958075905459
0.6862307474670616
0.6459543260935786
0.686092004083708
0.6461092980483276
0.6859562190714749
0.646260853765925
0.6858232879669881
0.6464091169474134
0.6856931114240359
0.6465542051089818
0.6855655948946234
0.6466962299742135
0.685440648334058
0.6468352978363325
0.6853181859279466
0.6469715098931251
0.685198125839205
0.647104962556938
0.6850803899733657
0.6472357477419206
0.6849649037606326
0.6473639531304598
0.6848515959532909
0.6474896624205638
0.6847403984372044
0.647612955555789
0.6846312460562539
0.6477339089391451
0.6845240764486812
0.6478525956322837
0.6844188298943892
0.6479690855411531
0.6843154491723448
0.6480834455891903
0.6842138794272999
0.6481957398790326
0.6841140680451183
0.6483060298436327
0.6840159645360585
0.6484143743875921
0.6839195204254189
0.6485208300194518
0.6838246891509993
0.6486254509756154
0.6837314259668847
0.6487282893365255
0.6836396878530923
0.6488293951356565
0.6835494334306639
0.6489288164618469
0.6834606228818206
0.6490265995554432
0.6833732178748247
0.6491227888986961
0.6832871814932248
0.649217427300809
0.6832024781691833
0.6493105559780097
0.6831190736206129
0.6494022146289857
0.6830369347918634
0.6494924415059974
0.6829560297977278
0.6495812734819588
0.6828763278705463
0.6496687461137534
0.6827977993102106
0.6497548937020319
0.6827204154368794
0.6498397493477226
0.682644148546235
0.6499233450054624
0.6825689718671192
0.6500057115341492
0.6824948595214009
0.6500868787447924
0.6824217864859379
0.6501668754458367
0.6823497285565037
0.6502457294861084
0.6822786623135615
0.6503234677955358
0.6822085650897735
0.6504001164237774
0.6821394149391427
0.6504757005768804
0.6820711906076911
0.6505502446520935
0.6820038715055843
0.6506237722709364
0.6819374376806192
0.6506963063106324
0.6818718697929962
0.6507678689339984
0.681807149091302
0.6508384816178793
0.6817432573896381
0.6509081651802112
0.6816801770458263
0.6509769398057917
0.681617890940635
0.6510448250708268
0.6815563824579699
0.6511118399663262
0.6814956354659744
0.6511780029204064
0.6814356342989928
0.6512433318195664
0.6813763637403496
0.6513078440289852
0.6813178090059009
0.6513715564118989
0.6812599557283179
0.6514344853481048
0.6812027899420638
0.6514966467516369
0.6811462980690293
0.6515580560876593
0.6810904669047898
0.6516187283886157
0.6810352836054575
0.6516786782696747
0.6809807356750935
0.6517379199435057
0.6809268109536548
0.6517964672344213
0.6808734976054477
0.6518543335919164
0.6808207841080649
0.6519115321036337
0.68076865924178
0.6519680755077877
0.680717112079378
0.6520239762050685
0.6806661319764022
0.6520792462700556
0.6806157085617953
0.6521338974621618
0.6805658317289174
0.6521879412361329
0.6805164916269221
0.6522413887521221
0.6804676786524757
0.6522942508853603
0.6804193834418008
0.6523465382354414
0.6803715968630315
0.6523982611352401
0.6803243100088655
0.6524494296594797
0.680277514189498
0.652500053632966
0.6802312009258275
0.652550142638502
0.6801853619429181
0.6525997060244988
0.6801399891637097
0.6526487529122957
0.6800950747029626
0.6526972922032029
0.680050610861429
0.6527453325852788
0.6800065901202377
0.6527928825398542
0.6799630051354869
0.6528399503478141
0.6799198487330332
0.6528865440956474
0.679877113903469
0.6529326716812752
0.6798347937972818
0.6529783408196674
0.679792881720185
0.6530235590482547
0.6797513711286159
0.6530683337321478
0.6797102556253914
0.6531126720691693
0.679669528955517
0.6531565810947079
0.6796291850021405
0.6532000676864003
0.6795892177826471
0.6532431385686508
0.6795496214448878
0.6532858003169925
0.6795103902635373
0.6533280593622975
0.6794715186365753
0.6533699219948442
0.6794330010818862
0.6534113943682435
0.6793948322339738
0.6534524825032333
0.6793570068407846
0.6534931922913443
0.6793195197606372
0.6535335294984433
0.679282365959252
0.6535734997681586
0.6792455405068781
0.6536131086251913
0.6792090385755155
0.6536523614785182
0.6791728554362243
0.6536912636244896
0.6791369864565229
0.6537298202498266
0.679101427097868
0.6537680364345212
0.6790661729132154
0.6538059171546433
0.679031219544657
0.6538434672850586
0.6789965627211333
0.6538806916020582
0.6789621982562167
0.6539175947859077
0.6789281220459633
0.6539541814233145
0.6788943300668315
0.6539904560098186
0.6788608183736643
0.6540264229521092
0.6788275830977338
0.6540620865702693
0.6787946204448445
0.6540974510999519
0.6787619266934939
0.6541325206944897
0.6787294981930881
0.6541672994269406
0.6786973313622121
0.6542017912920713
0.6786654226869494
0.6542360002082811
0.6786337687192534
0.6542699300194689
0.6786023660753646
0.6543035844968444
0.6785712114342756
0.6543369673406857
0.6785403015362403
0.6543700821820452
0.6785096331813258
0.6544029325844054
0.6784792032280067
0.6544355220452877
0.6784490085917984
0.6544678539978128
0.6784190462439311
0.6544999318122179
0.67838931321006
0.6545317587973294
0.6783598065690121
0.6545633382019939
0.6783305234515682
0.654594673216469
0.6783014610392795
0.654625766973775
0.6782726165633155
0.6546566225510072
0.6782439873033458
0.6546872429706141
0.6782155705864507
0.6547176312016374
0.6781873637860624
0.6547477901609203
0.6781593643209354
0.6547777227142807
0.6781315696541438
0.6548074316776528
0.6781039772921067
0.6548369198181981
0.6780765847836386
0.6548661898553867
0.678049389719026
0.6548952444620472
0.6780223897291279
0.6549240862653914
0.6779955824845006
0.6549527178480099
0.6779689656945451
0.6549811417488415
0.6779425371066765
0.6550093604641172
0.6779162945055162
0.6550373764482793
0.6778902357121036
0.6550651921148766
0.6778643585831293
0.6550928098374359
0.6778386610101867
0.6551202319503118
0.6778131409190444
0.6551474607495121
0.6777877962689357
0.6551744984935063
0.6777626250518665
0.6552013474040086
0.6777376252919407
0.6552280096667451
0.6777127950447027
0.6552544874321985
0.677688132396496
0.6552807828163361
0.6776636354638376
0.6553068979013179
0.6776393023928089
0.6553328347361886
0.6776151313584597
0.6553585953375514
0.6775911205642289
0.6553841816902246
0.6775672682413778
0.6554095957478837
0.6775435726484381
0.6554348394336864
0.6775200320706724
0.6554599146408824
0.6774966448195487
0.655484823233409
0.6774734092322268
0.6555095670464717
0.6774503236710568
0.6555341478871115
0.6774273865230904
0.6555585675347575
0.6774045961996029
0.6555828277417676
0.6773819511356265
0.6556069302339546
0.6773594497894957
0.6556308767111021
0.6773370906424012
0.6556546688474664
0.6773148721979567
0.6556783082922669
0.6772927929817737
0.6557017966701658
0.6772708515410469
0.6557251355817363
0.6772490464441495
0.6557483266039191
0.6772273762802369
0.6557713712904699
0.6772058396588596
0.6557942711723956
0.6771844352095862
0.6558170277583799
0.6771631615816328
0.6558396425352008
0.6771420174435024
0.6558621169681376
0.6771210014826318
0.6558844525013686
0.6771001124050456
0.6559066505583606
0.6770793489350198
0.6559287125422486
0.6770587098147504
0.6559506398362082
0.6770381938040319
0.6559724338038181
0.6770177996799408
0.6559940957894171
0.6769975262365265
0.6560156271184503
0.67697737228451
0.6560370290978099
0.6769573366509877
0.656058303016167
0.6769374181791425
0.6560794501442977
0.676917615727961
0.6561004717354005
0.6768979281719563
0.6561213690254082
0.6768783544008969
0.6561421432332921
0.6768588933195423
0.6561627955613604
0.6768395438473822
0.6561833271955493
0.676820304918384
0.6562037393057091
0.6768011754807421
0.6562240330458835
0.6767821544966361
0.6562442095545824
0.6767632409419913
0.6562642699550507
0.676744433806245
0.6562842153555296
0.6767257320921193
0.6563040468495135
0.6767071348153952
0.6563237655160012
0.6766886410046948
0.6563433724197422
0.6766702497012653
0.6563628686114776
0.6766519599587694
0.656382255128176
0.6766337708430781
0.656401532993265
0.67661568143207
0.6564207032168567
0.6765976908154321
0.6564397667959712
0.6765797980944664
0.6564587247147524
0.6765620023819
0.6564775779446818
0.6765443028016982
0.6564963274447869
0.676526698488882
0.6565149741618461
0.6765091885893499
0.656533519030588
0.6764917722597017
0.6565519629738887
0.6764744486670665
0.6565703069029647
0.6764572169889344
0.6565885517175604
0.6764400764129908
0.6566066983061338
0.6764230261369547
0.6566247475460383
0.6764060653684193
0.656642700303699
0.6763891933246966
0.6566605574347885
0.676372409232664
0.6566783197843972
0.6763557123286146
0.6566959881872008
0.67633910185811
0.6567135634676253
0.6763225770758357
0.6567310464400079
0.6763061372454602
0.6567484379087549
0.6762897816394956
0.656765738668497
0.6762735095391615
0.6567829495042413
0.6762573202342516
0.6568000711915215
0.6762412130230013
0.6568171044965433
0.6762251872119607
0.6568340501763282
0.6762092421158669
0.6568509089788555
0.6761933770575204
0.6568676816431994
0.6761775913676635
0.6568843688996657
0.6761618843848608
0.6569009714699248
0.6761462554553815
0.6569174900671424
0.6761307039330848
0.6569339253961081
0.6761152291793063
0.6569502781533612
0.6760998305627477
0.6569665490273147
0.6760845074593669
0.6569827386983765
0.6760692592522718
0.6569988478390689
0.6760540853316146
0.6570148771141457
0.6760389850944891
0.6570308271807067
0.6760239579448291
0.6570466986883111
0.6760090032933085
0.6570624922790884
0.6759941205572438
0.6570782085878469
0.6759793091604985
0.6570938482421811
0.6759645685333877
0.657109411862576
0.6759498981125864
0.6571249000625115
0.6759352973410374
0.6571403134485623
0.6759207656678627
0.6571556526204987
0.6759063025482754
0.6571709181713837
0.6758919074434926
0.6571861106876694
0.6758775798206512
0.6572012307492914
0.6758633191527241
0.6572162789297612
0.6758491249184386
0.6572312557962581
0.675834996602195
0.6572461619097182
0.675820933693988
0.6572609978249229
0.6758069356893288
0.6572757640905846
0.6757930020891683
0.657290461249433
0.6757791323998218
0.6573050898382978
0.6757653261328952
0.657319650388191
0.6757515828052121
0.657334143424388
0.6757379019387423
0.657348569466507
0.6757242830605314
0.6573629290285867
0.6757107257026319
0.6573772226191634
0.6756972294020348
0.6573914507413463
0.675683793700603
0.6574056138928918
0.6756704181450056
0.6574197125662767
0.6756571022866524
0.6574337472487697
0.6756438456816315
0.6574477184225017
0.6756306478906458
0.657461626564536
0.6756175084789519
0.6574754721469358
0.675604427016299
0.6574892556368319
0.6755914030768698
0.6575029774964887
0.6755784362392218
0.6575166381833686
0.6755655260862292
0.6575302381501966
0.675552672205027
0.657543777845023
0.675539874186954
0.657557257711285
0.6755271316274992
0.6575706781878676
0.6755144441262464
0.6575840397091641
0.6755018112868217
0.6575973427051344
0.6754892327168412
0.657610587601363
0.6754767080278592
0.6576237748191164
0.6754642368353174
0.6576369047753989
0.6754518187584955
0.6576499778830082
0.6754394534204612
0.6576629945505895
0.6754271404480223
0.6576759551826896
0.6754148794716793
0.6576888601798087
0.6754026701255783
0.6577017099384527
0.6753905120474644
0.6577145048511849
0.6753784048786368
0.6577272453066749
0.675366348263904
0.6577399316897495
0.6753543418515394
0.6577525643814404
0.6753423852932385
0.6577651437590324
0.6753304782440755
0.6577776701961112
0.6753186203624615
0.6577901440626093
0.6753068113101031
0.6578025657248517
0.6752950507519616
0.6578149355456017
0.6752833383562128
0.6578272538841043
0.6752716737942074
0.6578395210961309
0.6752600567404322
0.6578517375340215
0.6752484868724712
0.657863903546728
0.6752369638709681
0.6578760194798552
0.6752254874195891
0.6578880856757022
0.6752140572049863
0.6579001024733034
0.6752026729167608
0.6579120702084675
0.675191334247428
0.6579239892138179
0.6751800408923818
0.6579358598188302
0.6751687925498605
0.6579476823498718
0.675157588920912
0.6579594571302384
0.6751464297093611
0.6579711844801914
0.675135314621776
0.6579828647169946
0.6751242433674354
0.6579944981549498
0.6751132156582967
0.6580060851054326
0.6751022312089644
0.6580176258769271
0.6750912897366584
0.6580291207750606
0.6750803909611839
0.6580405701026371
0.6750695346049004
0.6580519741596708
0.6750587203926923
0.6580633332434196
0.675047948051939
0.658074647648417
0.6750372173124863
0.6580859176665043
0.6750265279066177
0.6580971435868619
0.6750158795690255
0.6581083256960409
0.675005272036784
0.6581194642779937
0.6749947050493208
0.6581305596141036
0.6749841783483913
0.6581416119832151
0.6749736916780508
0.6581526216616632
0.6749632447846284
0.6581635889233025
0.6749528374167016
0.6581745140395355
0.6749424693250703
0.6581853972793406
0.6749321402627316
0.6581962389092999
0.6749218499848552
0.6582070391936274
0.6749115982487581
0.6582177983941951
0.6749013848138814
0.6582285167705597
0.6748912094417661
0.658239194579989
0.6748810718960291
0.6582498320774877
0.6748709719423409
0.658260429515823
0.6748609093484017
0.6582709871455501
0.6748508838839193
0.6582815052150366
0.674840895320587
0.6582919839704866
0.6748309434320616
0.6583024236559659
0.6748210279939413
0.6583128245134249
0.6748111487837446
0.6583231867827226
0.6748013055808894
0.6583335107016496
0.6747914981666718
0.6583437965059511
0.6747817263242458
0.6583540444293493
0.674771989838603
0.6583642547035659
0.6747622884965523
0.6583744275583435
0.674752622086701
0.658384563221468
0.6747429903994344
0.6583946619187895
0.6747333932268972
0.6584047238742436
0.6747238303629739
0.6584147493098721
0.6747143016032712
0.6584247384458436
0.6747048067450981
0.6584346915004737
0.6746953455874491
0.6584446086902451
0.6746859179309853
0.6584544902298273
0.6746765235780168
0.6584643363320957
0.6746671623324854
0.6584741472081516
0.6746578339999474
0.6584839230673405
0.6746485383875559
0.6584936641172713
0.6746392753040448
0.6585033705638341
0.6746300445597117
0.6585130426112195
0.6746208459664012
0.6585226804619353
0.6746116793374894
0.6585322843168253
0.6746025444878678
0.6585418543750864
0.6745934412339267
0.6585513908342862
0.6745843693935403
0.6585608938903798
0.6745753287860512
0.6585703637377264
0.6745663192322555
0.6585798005691068
0.674557340554387
0.6585892045757393
0.6745483925761029
0.658598575947296
0.6745394751224694
0.6586079148719186
0.6745305880199467
0.6586172215362349
0.6745217310963749
0.6586264961253738
0.6745129041809603
0.6586357388229809
0.674504107104261
0.6586449498112338
0.6744953396981733
0.6586541292708572
0.6744866017959184
0.6586632773811378
0.6744778932320283
0.6586723943199387
0.6744692138423336
0.6586814802637143
0.6744605634639493
0.658690535387524
0.6744519419352629
0.6586995598650469
0.6744433490959212
0.6587085538685957
0.6744347847868172
0.6587175175691303
0.6744262488500784
0.6587264511362716
0.6744177411290544
0.6587353547383146
0.6744092614683043
0.658744228542242
0.6744008097135853
0.6587530727137374
0.6743923857118405
0.658761887417198
0.6743839893111868
0.6587706728157476
0.6743756203609045
0.6587794290712492
0.6743672787114244
0.6587881563443173
0.6743589642143178
0.6587968547943307
0.6743506767222848
0.658805524579444
0.6743424160891428
0.6588141658566006
0.6743341821698166
0.6588227787815436
0.6743259748203266
0.6588313635088285
0.6743177938977791
0.6588399201918342
0.6743096392603551
0.6588484489827746
0.6743015107673006
0.6588569500327097
0.6742934082789155
0.6588654234915577
0.674285331656544
0.6588738695081053
0.6742772807625645
0.6588822882300188
0.6742692554603797
0.6588906798038547
0.6742612556144068
0.6588990443750713
0.6742532810900673
0.6589073820880379
0.674245331753779
0.6589156930860465
0.6742374074729445
0.6589239775113214
0.6742295081159431
0.6589322355050296
0.6742216335521215
0.6589404672072908
0.6742137836517843
0.6589486727571878
0.6742059582861852
0.6589568522927757
0.6741981573275181
0.6589650059510918
0.674190380648908
0.6589731338681655
0.674182628124403
0.6589812361790277
0.6741748996289646
0.6589893130177203
0.67416719503846
0.6589973645173052
0.6741595142296536
0.6590053908098733
0.6741518570801983
0.6590133920265546
0.6741442234686278
0.6590213682975259
0.6741366132743479
0.6590293197520205
0.6741290263776288
0.6590372465183372
0.6741214626595969
0.6590451487238478
0.6741139220022274
0.6590530264950067
0.674106404288336
0.6590608799573594
0.6740989094015715
0.6590687092355502
0.674091437226408
0.659076514453331
0.6740839876481375
0.6590842957335693
0.6740765605528628
0.6590920531982565
0.6740691558274894
0.6590997869685157
0.6740617733597188
0.6591074971646096
0.6740544130380413
0.6591151839059489
0.6740470747517281
0.659122847311099
0.674039758390826
0.6591304874977887
0.6740324638461483
0.6591381045829171
0.6740251910092696
0.6591456986825617
0.6740179397725179
0.6591532699119851
0.6740107100289685
0.6591608183856427
0.6740035016724374
0.6591683442171903
0.6739963145974741
0.6591758475194904
0.6739891486993558
0.6591833284046205
0.6739820038740802
0.6591907869838786
0.6739748800183601
0.6591982233677915
0.6739677770296163
0.6592056376661211
0.6739606948059713
0.6592130299878712
0.6739536332462437
0.6592204004412939
0.673946592249942
0.6592277491338973
0.673939571717258
0.6592350761724505
0.6739325715490617
0.6592423816629916
0.6739255916468943
0.6592496657108333
0.6739186319129635
0.6592569284205694
0.6739116922501369
0.659264169896081
0.6739047725619367
0.6592713902405433
0.6738978727525337
0.6592785895564309
0.673890992726742
0.6592857679455245
0.6738841323900135
0.6592929255089166
0.6738772916484322
0.6593000623470181
0.6738704704087084
0.6593071785595633
0.6738636685781743
0.6593142742456164
0.6738568860647776
0.6593213495035768
0.6738501227770773
0.6593284044311855
0.6738433786242378
0.6593354391255296
0.673836653516024
0.6593424536830494
0.6738299473627958
0.659349448199543
0.6738232600755035
0.6593564227701716
0.673816591565683
0.6593633774894656
0.6738099417454503
0.6593703124513295
0.6738033105274969
0.6593772277490475
0.6737966978250848
0.6593841234752885
0.6737901035520419
0.6593909997221116
0.6737835276227575
0.6593978565809709
0.6737769699521767
0.6594046941427208
0.6737704304557968
0.6594115124976214
0.6737639090496621
0.6594183117353422
0.6737574056503598
0.659425091944969
0.6737509201750145
0.6594318532150072
0.6737444525412852
0.6594385956333871
0.6737380026673597
0.6594453192874695
0.6737315704719506
0.6594520242640489
0.6737251558742915
0.6594587106493595
0.6737187587941316
0.659465378529079
0.6737123791517325
0.6594720279883343
0.6737060168678638
0.6594786591117043
0.6736996718637984
0.6594852719832263
0.673693344061309
0.6594918666863993
0.6736870333826636
0.6594984433041886
0.6736807397506216
0.6595050019190305
0.6736744630884303
0.6595115426128364
0.6736682033198198
0.6595180654669972
0.6736619603690004
0.6595245705623872
0.6736557341606578
0.6595310579793688
0.6736495246199498
0.6595375277977964
0.673643331672502
0.6595439800970203
0.6736371552444048
0.6595504149558914
0.6736309952622086
0.6595568324527646
0.6736248516529212
0.6595632326655033
0.6736187243440034
0.659569615671483
0.6736126132633656
0.6595759815475951
0.6736065183393648
0.6595823303702514
0.6736004395007998
0.6595886622153875
0.6735943766769089
0.6595949771584664
0.6735883297973658
0.6596012752744829
0.6735822987922763
0.6596075566379668
0.6735762835921747
0.6596138213229868
0.6735702841280209
0.6596200694031543
0.6735643003311966
0.6596263009516266
0.6735583321335022
0.6596325160411107
0.6735523794671536
0.6596387147438674
0.6735464422647784
0.6596448971317137
0.6735405204594136
0.6596510632760276
0.6735346139845014
0.6596572132477502
0.6735287227738872
0.6596633471173903
0.6735228467618152
0.6596694649550269
0.6735169858829263
0.6596755668303131
0.6735111400722547
0.6596816528124793
0.6735053092652246
0.6596877229703363
0.6734994933976474
0.6596937773722792
0.6734936924057188
0.6596998160862896
0.6734879062260158
0.6597058391799394
0.6734821347954939
0.6597118467203943
0.6734763780514837
0.659717838774416
0.673470635931689
0.6597238154083662
0.6734649083741825
0.6597297766882094
0.6734591953174043
0.6597357226795157
0.6734534967001585
0.6597416534474643
0.6734478124616107
0.6597475690568457
0.6734421425412849
0.6597534695720658
0.6734364868790611
0.6597593550571478
0.6734308454151725
0.6597652255757357
0.673425218090203
0.6597710811910967
0.673419604845084
0.6597769219661247
0.6734140056210927
0.6597827479633429
0.6734084203598485
0.6597885592449062
0.6734028490033113
0.6597943558726044
0.6733972914937784
0.659800137907865
0.6733917477738821
0.6598059054117554
0.6733862177865872
0.6598116584449865
0.6733807014751889
0.6598173970679143
0.6733751987833098
0.6598231213405434
0.6733697096548977
0.6598288313225295
0.6733642340342233
0.6598345270731811
0.6733587718658776
0.659840208651464
